01000100100001001110110101011011010101001010010010101000010101101000011110110101011010110011010101010011000101010110110
01000100100001001101011010101101101010100101001001010100001010110100001111011010101101011001101010101001100010101100101
01000100100001001101011010101101101010100101001001010100001010110100001111011010101101011001101010101000101101011000111
01000100100001001101011010101101101010100101001001010100001010110100101111011010101101011001101010101001100001011000101
01000100100001001101011010101101101010100101001001010100010100001111011010101101011001101010101001100010101010101100110
01000100100001001101011010101101101010100101001001010100001010110100001111011010101101011001101010101001100101011000101
01000100101001101011010101101101010100101001001010100001010110101111011010101100110011010101010011000101010101011000110
01010010010011010110101011011010101001010010010101000010101101001110110101011010110011010101010011000101010101011000100
01000100100001001101011010101101101010100010101000010101101000011110110101011010110011010101010011000101010101011000100
01000100100001001101011010101101101010100101001001010100001010110110110101011010110011010101010011000101010101011000100
01000100100001001101011010101101101010100101001001010100001010110100001111011010101101011001101010101001100010101010010
01000100100001001101011010101101101010100101001001010100001010110100001111011010101101011001101010101001100010101010101
01000100100001000101101010110110101010010100100101010000101011010000111101101010
10101100110101010011000101010101011010101010101010101011010101010101010101010101010101011010101010
010001001000010011010110101011011010101001011001001010100001010110010110101011010110011010101010011000101010101011000100
01000100100001001101011010101101101010100101001001010100001010111000011110110101011010110011010101010011000101010101011000100
010001001000010011010110101011011010101001010010010101000010101101000011110110101011010110011010101010011000101010101011000100
010001001000010011010110101011011010101001010010010101000010101101000011110110101011010110011010101010011000101010101011000100
0100010010000100110101101010110110101010010100101010000101011010000111101101010110100110101010100110001010101010100100
010001001000010011010110101011011010101001010010010101000010101101000011110110101011010110011010101010011000101010101011000100
01000100100001001101011010101101101010100101001001010100001010110011110110101011010110011010101010011000101010101011000100
110011001110101100111110010101010101101011001110100010100110010101101010101010101011010101010101010101010101010101011010101010
01100111001111101101010100110101101010100101010101011010011101100101010101010101011010101010101010101010101010101011010101010
1110110100011001010101100101010101101010110101011010101101010101010101011010110100110110110101010101010110101011010101010101010101011010101
01010101010101010110101010101010101010101010101010110101010101010101010101010101010110101010101010101010101010101010110101010101010101010101010
10101011010101010101010101010101010101011010101010101010101010101010101011010101010101010101010101010101011010101010101010101010101010101011010101010101010101
01010101010101101010101010101010101010101010101101010101010101010101010101010101101010101010101010101010101010101101010101010101010101010101010101101010
1010101010101010101010101011010101010101010101010101010101011010101010101010101010101010101011010101010101010101010101010101011010101010101010101010101010101011010101010101010101010101010101011010101010101010101010101010101011010101010101010101010101010
10101101010101010101010101010101010101101010101010101010101010101010101101010101010101010101010101010101101010101010101010101010101010101101010101010101010101010101010101101010101010101010101010101010101101010101010101010101010101010101101010101010101010101010101
0110101010101010101010101010101010110101010101010101010101010101010110101010101010101010101010101010110101010101010101010101010101010101010101011010101010101010101010101010101011010101010
10101011010101010101010101010101010101011010101010101010101010101010101011010101010101010101010101010101011010101010101010101010101010101011010101010
101010101010101011010101010101010101010101010101011010101010101010101010101011010101010101010101010101010101011010101010101010101010101011010101010101010101010101010101011010101010
10101010101010101010101101010101010101010101010101010101101010101010101010101010101010101101010101010101010101010101010101101010101010101010101010101010101101
010101010101010101010101010101101010101010101010101010101010101101010101010101010101010101010101101010101010101010101010101010101101010101010101010101010101010101101010101010101101010101010101010101010101010101101010101010101010101010101010101101010101010101010101010101010101101010101010101010101011010101010101010101010101010101011010101010
10101010101010101010101010110101010101010101010101010101010110101010101010101010101010101010110101010101010101010101010101010110101010101010101010101010101010110101010101010101010101010101010110101010101010101010101010101010110101010101010101010101010
10101011010101010101010101010101010101011010101010101010101010101010101011010101010101010101010101010101011010101010101010101010101010101011010101010101010101010101010101011010101010101010101010101010101011010101010101010101010101010101011010101010101010101010101010101011010101010101010101010101010101011010101010101010101010101010101011010101010101010101010101010
10101101010101010101010101010101010101101010101010101010101010101010101101010101010101010101010101010101101010101010101010101010101010101101010101
0101010101010101010101011010101010101010101010101010101011010101010101010101010101010101011010101010101010101010101010101011010101010101010101010101010101011
01010101010101010101010101010101101010101010101010101010101010101101010101010101010101010101010101101010101010101010101010101010101101010101010101010101010101010101101010101010101010101010101010101101010101010101010101010101010101101010101010101010101010101010101101010101010
101010101010101010101101010101010101010101010101010101101010101010101010101010101010101101010101010101010101010101010101101010101010101010101010101010101101010101010101010101010101010101101010101010101010101010101010101101010101010101010101010101010101101010101010101010101010101010101101010101
10101011010101010101010101010101101010101010101011010101010101010101010101010101011010101010101010101010101011010101010101010101010101010101011010101010101010101010101011010101010101010101010101010101011010101010101010101010101011010101010101010101010101010101011010101010101010101010101011010101010101010101
0101010110101010101010101010101010101010110101010101010101010101010101010110101010101010101010101010101010110101010101010101010101010101010110101010101010101010101010101010110101010101010101010101010101010110101010101010101010101010101010110101010101010101010101010101
010110101010101010101010101010101010110101010101010101010101010101010110101010101010101010101010101010110101010101010101010101010101010110101010101010101010101010101010110101010101010101010101010101010110101010101010101010101010101010110101010101010101010101010101010110101010101
01010101010101010101011010101010101010101010101010101011010101010101010101010101011010101010101010101010101010101011010101010101010101010101011010101010101010101010101010101011010101010
101010101010101010101011010101010101010101010101010101011010101010101010101010101010101011010101010101010101010101010101011010101010101010101010101
0101010110101010101010101010101010101010110101010101010101010101010101010110101010101010101010101010101010110101010101010101010101010101
101101010101010101010101010101010101101010101010101010101010101010101101010101010101010101010101010101101010101010101010101010101010101101010101010101010101010101010101101010101010101010101010101010101101010101010101010101010101010101101010101010101010
101010101010101101010101010101010101010101010101101010101010101010101010101010101101010101010101010101010101010101101010101010101010101010101010101101010101010101010101010101010101101010101010101010101010101010101101010101010101010101010101010101101010101010101010101010101010101101010101010101010101010101010101101010101010101010101010
1010101011010101010101010101010101010101011010101010101010101010101010101011010101010101010101010101010101011010101010101010101010101010101011010101010101010101010101010101011010101010101010101010101010101011010101010101010101010101010101011010101010101010101010101010101011010101010101010101010101010101011010101010101010101010101010101
101010101011010101010101010101010101010101011010101010101010101010101010101011010101010101010101010101010101011010101010101010101010101010101011010101010101010101010101010101011010101010101010101010101010101011010101010101010101010101010101011010101010101010101010101010101011010101010101010101010101010101011010101010101010101010101010101011
01010101010110101010101010101010101010101010110101010101010101010101010101010110101010101010101010101010101010110101010101010101010101010101010110101010101010101010101010101010110101010101010101010101010101010110101010101010101010101010101010110
10101010101010101010101010101011010101010101010101010101011010101010101010101010101010101011010101010101010101010101011010101010101010101010101010101011010101010101010101010101011010101010101010101010101010101011010101010101010101010101011010101010101010101010101010101011010101010101010101010101011010101010101010101010101010101011010101010101010101010101011010101010101010101010101010101011010101010
010101010101101010101010101010101010101010101101010101010101101010101010101011010101010101010101010101010101011010101010101010101010101011010101010101010101010101010101011010101010101010101010101011010101010101010101010101010101011010101010101010101010101011010101010101010101010101010101011010101010
0101010101010101011010101010101010101010101010101011010101010101010101010101010101011010101010101010101010101010101011010101010101010101010101010101011010101010101010
101010101010101011010101010101010101010101010101011010101010101010101010101010101011010101010101010101010101010101011010101010101010101010101010101011010101010101010101010101
01010101101010101010101010101010101010101101010101010101010101010101010101101010101010101010101010101010101101010101010101010101010101010101101010101010101010101010101010101101010101010101010101010101010101101010101010101010101010101010101101010101010101010101010101010101101010101010101010101010101010101101010101010101010
10101010101010110101010101010101010101010101010110101010101010101010101010101010110101010101010101010101010101010110101010101010101010101010101010110101010101010101010101010101010110101010101010101010101010101010110101010101010101010101010101010110101010101